0,273
0,270
10,245
10,159
10,165
10,317
10,129
10,169
10,31
10,2
10,3
9,5
9,7
9,2
9,3
8,16
8,9
8,5
8,4
8,7
8,8
13,1
13,3
2,2
2,1
2,3
37606,3
37606,2
37606,1
37606,0
27128,18
27128,17
27128,14
27128,11
27128,10
27128,8
27128,6
27128,5
27128,4
27128,3
27128,1
27114,3
27114,1
27112,3
27112,1
27110,3
27110,1
24,3
24,1
20,3
20,2
20,1
19,3
19,2
19,1
18,3
18,1
14,5
14,4
14,3
14,2
14,1
14,0
12,3
12,2
12,1
11,30
11,29
11,28
11,27
11,26
11,25
11,24
11,23
11,22
11,21
11,20
11,19
11,18
11,17
11,16
11,15
11,14
11,13
11,12
11,11
11,10
11,9
11,8
11,7
11,6
11,5
11,4
11,3
11,2
11,1
10,313
10,311
10,310
10,309
10,308
10,306
10,301
10,300
10,295
10,294
10,292
10,291
10,290
10,289
10,288
10,287
10,286
10,285
10,284
10,283
10,280
10,279
10,278
10,277
